{
 "cells": [
  {
   "cell_type": "code",
   "execution_count": 2,
   "id": "991110a5-67ea-4060-8d83-77907e0e6eef",
   "metadata": {},
   "outputs": [],
   "source": [
    "import pandas as pd\n",
    "import numpy as np\n",

    "import matplotlib.pyplot as plt\n",
    "import seaborn as sns\n",
    "%matplotlib inline"
   ]
  },
  {
   "cell_type": "code",
   "execution_count": 3,
   "id": "0753ce2e-3f33-4116-839f-81a6b1da65eb",
   "metadata": {
    "tags": []
   },
   "outputs": [
    {
     "data": {
      "text/html": [
       "<div>\n",
       "<style scoped>\n",
       "    .dataframe tbody tr th:only-of-type {\n",
       "        vertical-align: middle;\n",
       "    }\n",
       "\n",
       "    .dataframe tbody tr th {\n",
       "        vertical-align: top;\n",
       "    }\n",
       "\n",
       "    .dataframe thead th {\n",
       "        text-align: right;\n",
       "    }\n",
       "</style>\n",
       "<table border=\"1\" class=\"dataframe\">\n",
       "  <thead>\n",
       "    <tr style=\"text-align: right;\">\n",
       "      <th></th>\n",
       "      <th>Unnamed: 0</th>\n",
       "      <th>symboling</th>\n",
       "      <th>normalized-losses</th>\n",
       "      <th>make</th>\n",
       "      <th>aspiration</th>\n",
       "      <th>num-of-doors</th>\n",
       "      <th>body-style</th>\n",
       "      <th>drive-wheels</th>\n",
       "      <th>engine-location</th>\n",
       "      <th>wheel-base</th>\n",
       "      <th>...</th>\n",
       "      <th>compression-ratio</th>\n",
       "      <th>horsepower</th>\n",
       "      <th>peak-rpm</th>\n",
       "      <th>city-mpg</th>\n",
       "      <th>highway-L/100km</th>\n",
       "      <th>price</th>\n",
       "      <th>city-L/100km</th>\n",
       "      <th>horsepower-binned</th>\n",
       "      <th>fuel-type-diesel</th>\n",
       "      <th>fuel-type-gas</th>\n",
       "    </tr>\n",
       "  </thead>\n",
       "  <tbody>\n",
       "    <tr>\n",
       "      <th>0</th>\n",
       "      <td>0</td>\n",
       "      <td>3</td>\n",
       "      <td>122</td>\n",
       "      <td>alfa-romero</td>\n",
       "      <td>std</td>\n",
       "      <td>two</td>\n",
       "      <td>convertible</td>\n",
       "      <td>rwd</td>\n",
       "      <td>front</td>\n",
       "      <td>88.6</td>\n",
       "      <td>...</td>\n",
       "      <td>9.0</td>\n",
       "      <td>111</td>\n",
       "      <td>5000.0</td>\n",
       "      <td>21</td>\n",
       "      <td>8.703704</td>\n",
       "      <td>13495.0</td>\n",
       "      <td>11.190476</td>\n",
       "      <td>Low</td>\n",
       "      <td>0</td>\n",
       "      <td>1</td>\n",
       "    </tr>\n",
       "    <tr>\n",
       "      <th>1</th>\n",
       "      <td>1</td>\n",
       "      <td>3</td>\n",
       "      <td>122</td>\n",
       "      <td>alfa-romero</td>\n",
       "      <td>std</td>\n",
       "      <td>two</td>\n",
       "      <td>convertible</td>\n",
       "      <td>rwd</td>\n",
       "      <td>front</td>\n",
       "      <td>88.6</td>\n",
       "      <td>...</td>\n",
       "      <td>9.0</td>\n",
       "      <td>111</td>\n",
       "      <td>5000.0</td>\n",
       "      <td>21</td>\n",
       "      <td>8.703704</td>\n",
       "      <td>16500.0</td>\n",
       "      <td>11.190476</td>\n",
       "      <td>Low</td>\n",
       "      <td>0</td>\n",
       "      <td>1</td>\n",
       "    </tr>\n",
       "    <tr>\n",
       "      <th>2</th>\n",
       "      <td>2</td>\n",
       "      <td>1</td>\n",
       "      <td>122</td>\n",
       "      <td>alfa-romero</td>\n",
       "      <td>std</td>\n",
       "      <td>two</td>\n",
       "      <td>hatchback</td>\n",
       "      <td>rwd</td>\n",
       "      <td>front</td>\n",
       "      <td>94.5</td>\n",
       "      <td>...</td>\n",
       "      <td>9.0</td>\n",
       "      <td>154</td>\n",
       "      <td>5000.0</td>\n",
       "      <td>19</td>\n",
       "      <td>9.038462</td>\n",
       "      <td>16500.0</td>\n",
       "      <td>12.368421</td>\n",
       "      <td>Medium</td>\n",
       "      <td>0</td>\n",
       "      <td>1</td>\n",
       "    </tr>\n",
       "    <tr>\n",
       "      <th>3</th>\n",
       "      <td>3</td>\n",
       "      <td>2</td>\n",
       "      <td>164</td>\n",
       "      <td>audi</td>\n",
       "      <td>std</td>\n",
       "      <td>four</td>\n",
       "      <td>sedan</td>\n",
       "      <td>fwd</td>\n",
       "      <td>front</td>\n",
       "      <td>99.8</td>\n",
       "      <td>...</td>\n",
       "      <td>10.0</td>\n",
       "      <td>102</td>\n",
       "      <td>5500.0</td>\n",
       "      <td>24</td>\n",
       "      <td>7.833333</td>\n",
       "      <td>13950.0</td>\n",
       "      <td>9.791667</td>\n",
       "      <td>Low</td>\n",
       "      <td>0</td>\n",
       "      <td>1</td>\n",
       "    </tr>\n",
       "    <tr>\n",
       "      <th>4</th>\n",
       "      <td>4</td>\n",
       "      <td>2</td>\n",
       "      <td>164</td>\n",
       "      <td>audi</td>\n",
       "      <td>std</td>\n",
       "      <td>four</td>\n",
       "      <td>sedan</td>\n",
       "      <td>4wd</td>\n",
       "      <td>front</td>\n",
       "      <td>99.4</td>\n",
       "      <td>...</td>\n",
       "      <td>8.0</td>\n",
       "      <td>115</td>\n",
       "      <td>5500.0</td>\n",
       "      <td>18</td>\n",
       "      <td>10.681818</td>\n",
       "      <td>17450.0</td>\n",
       "      <td>13.055556</td>\n",
       "      <td>Low</td>\n",
       "      <td>0</td>\n",
       "      <td>1</td>\n",
       "    </tr>\n",
       "  </tbody>\n",
       "</table>\n",
       "<p>5 rows × 30 columns</p>\n",
       "</div>"
      ],
      "text/plain": [
       "   Unnamed: 0  symboling  normalized-losses         make aspiration  \\\n",
       "0           0          3                122  alfa-romero        std   \n",
       "1           1          3                122  alfa-romero        std   \n",
       "2           2          1                122  alfa-romero        std   \n",
       "3           3          2                164         audi        std   \n",
       "4           4          2                164         audi        std   \n",
       "\n",
       "  num-of-doors   body-style drive-wheels engine-location  wheel-base  ...  \\\n",
       "0          two  convertible          rwd           front        88.6  ...   \n",
       "1          two  convertible          rwd           front        88.6  ...   \n",
       "2          two    hatchback          rwd           front        94.5  ...   \n",
       "3         four        sedan          fwd           front        99.8  ...   \n",
       "4         four        sedan          4wd           front        99.4  ...   \n",
       "\n",
       "   compression-ratio  horsepower  peak-rpm  city-mpg highway-L/100km    price  \\\n",
       "0                9.0         111    5000.0        21        8.703704  13495.0   \n",
       "1                9.0         111    5000.0        21        8.703704  16500.0   \n",
       "2                9.0         154    5000.0        19        9.038462  16500.0   \n",
       "3               10.0         102    5500.0        24        7.833333  13950.0   \n",
       "4                8.0         115    5500.0        18       10.681818  17450.0   \n",
       "\n",
       "   city-L/100km horsepower-binned  fuel-type-diesel  fuel-type-gas  \n",
       "0     11.190476               Low                 0              1  \n",
       "1     11.190476               Low                 0              1  \n",
       "2     12.368421            Medium                 0              1  \n",
       "3      9.791667               Low                 0              1  \n",
       "4     13.055556               Low                 0              1  \n",
       "\n",
       "[5 rows x 30 columns]"
      ]
     },
     "execution_count": 3,
     "metadata": {},
     "output_type": "execute_result"
    }
   ],
   "source": [
    "df = pd.read_csv('clean_df.csv')\n",
    "df.head()"
   ]
  },
  {
   "cell_type": "code",
   "execution_count": 4,
   "id": "a6ab1211-b9c8-4637-a382-765b9f381cd7",
   "metadata": {
    "tags": []
   },
   "outputs": [
    {
     "data": {
      "text/html": [
       "<div>\n",
       "<style scoped>\n",
       "    .dataframe tbody tr th:only-of-type {\n",
       "        vertical-align: middle;\n",
       "    }\n",
       "\n",
       "    .dataframe tbody tr th {\n",
       "        vertical-align: top;\n",
       "    }\n",
       "\n",
       "    .dataframe thead th {\n",
       "        text-align: right;\n",
       "    }\n",
       "</style>\n",
       "<table border=\"1\" class=\"dataframe\">\n",
       "  <thead>\n",
       "    <tr style=\"text-align: right;\">\n",
       "      <th></th>\n",
       "      <th>Unnamed: 0</th>\n",
       "      <th>symboling</th>\n",
       "      <th>normalized-losses</th>\n",
       "      <th>wheel-base</th>\n",
       "      <th>length</th>\n",
       "      <th>width</th>\n",
       "      <th>height</th>\n",
       "      <th>curb-weight</th>\n",
       "      <th>engine-size</th>\n",
       "      <th>bore</th>\n",
       "      <th>stroke</th>\n",
       "      <th>compression-ratio</th>\n",
       "      <th>horsepower</th>\n",
       "      <th>peak-rpm</th>\n",
       "      <th>city-mpg</th>\n",
       "      <th>highway-L/100km</th>\n",
       "      <th>price</th>\n",
       "      <th>city-L/100km</th>\n",
       "      <th>fuel-type-diesel</th>\n",
       "      <th>fuel-type-gas</th>\n",
       "    </tr>\n",
       "  </thead>\n",
       "  <tbody>\n",
       "    <tr>\n",
       "      <th>Unnamed: 0</th>\n",
       "      <td>1.000000</td>\n",
       "      <td>-0.162764</td>\n",
       "      <td>-0.241092</td>\n",
       "      <td>0.125517</td>\n",
       "      <td>0.161848</td>\n",
       "      <td>0.043976</td>\n",
       "      <td>0.252015</td>\n",
       "      <td>0.064820</td>\n",
       "      <td>-0.047764</td>\n",
       "      <td>0.244734</td>\n",
       "      <td>-0.162490</td>\n",
       "      <td>0.144301</td>\n",
       "      <td>-0.022505</td>\n",
       "      <td>-0.195662</td>\n",
       "      <td>0.027956</td>\n",
       "      <td>-0.078346</td>\n",
       "      <td>-0.118214</td>\n",
       "      <td>-0.099157</td>\n",
       "      <td>0.121454</td>\n",
       "      <td>-0.121454</td>\n",
       "    </tr>\n",
       "    <tr>\n",
       "      <th>symboling</th>\n",
       "      <td>-0.162764</td>\n",
       "      <td>1.000000</td>\n",
       "      <td>0.466264</td>\n",
       "      <td>-0.535987</td>\n",
       "      <td>-0.365404</td>\n",
       "      <td>-0.242423</td>\n",
       "      <td>-0.550160</td>\n",
       "      <td>-0.233118</td>\n",
       "      <td>-0.110581</td>\n",
       "      <td>-0.140019</td>\n",
       "      <td>-0.008153</td>\n",
       "      <td>-0.182196</td>\n",
       "      <td>0.075810</td>\n",
       "      <td>0.279740</td>\n",
       "      <td>-0.035527</td>\n",
       "      <td>-0.029807</td>\n",
       "      <td>-0.082391</td>\n",
       "      <td>0.066171</td>\n",
       "      <td>-0.196735</td>\n",
       "      <td>0.196735</td>\n",
       "    </tr>\n",
       "    <tr>\n",
       "      <th>normalized-losses</th>\n",
       "      <td>-0.241092</td>\n",
       "      <td>0.466264</td>\n",
       "      <td>1.000000</td>\n",
       "      <td>-0.056661</td>\n",
       "      <td>0.019424</td>\n",
       "      <td>0.086802</td>\n",
       "      <td>-0.373737</td>\n",
       "      <td>0.099404</td>\n",
       "      <td>0.112360</td>\n",
       "      <td>-0.029862</td>\n",
       "      <td>0.055045</td>\n",
       "      <td>-0.114713</td>\n",
       "      <td>0.217300</td>\n",
       "      <td>0.239543</td>\n",
       "      <td>-0.225016</td>\n",
       "      <td>0.181189</td>\n",
       "      <td>0.133999</td>\n",
       "      <td>0.238567</td>\n",
       "      <td>-0.101546</td>\n",
       "      <td>0.101546</td>\n",
       "    </tr>\n",
       "    <tr>\n",
       "      <th>wheel-base</th>\n",
       "      <td>0.125517</td>\n",
       "      <td>-0.535987</td>\n",
       "      <td>-0.056661</td>\n",
       "      <td>1.000000</td>\n",
       "      <td>0.876024</td>\n",
       "      <td>0.814507</td>\n",
       "      <td>0.590742</td>\n",
       "      <td>0.782097</td>\n",
       "      <td>0.572027</td>\n",
       "      <td>0.493244</td>\n",
       "      <td>0.158018</td>\n",
       "      <td>0.250313</td>\n",
       "      <td>0.371178</td>\n",
       "      <td>-0.360305</td>\n",
       "      <td>-0.470606</td>\n",
       "      <td>0.577576</td>\n",
       "      <td>0.584642</td>\n",
       "      <td>0.476153</td>\n",
       "      <td>0.307237</td>\n",
       "      <td>-0.307237</td>\n",
       "    </tr>\n",
       "    <tr>\n",
       "      <th>length</th>\n",
       "      <td>0.161848</td>\n",
       "      <td>-0.365404</td>\n",
       "      <td>0.019424</td>\n",
       "      <td>0.876024</td>\n",
       "      <td>1.000000</td>\n",
       "      <td>0.857170</td>\n",
       "      <td>0.492063</td>\n",
       "      <td>0.880665</td>\n",
       "      <td>0.685025</td>\n",
       "      <td>0.608971</td>\n",
       "      <td>0.123952</td>\n",
       "      <td>0.159733</td>\n",
       "      <td>0.579795</td>\n",
       "      <td>-0.285970</td>\n",
       "      <td>-0.665192</td>\n",
       "      <td>0.707108</td>\n",
       "      <td>0.690628</td>\n",
       "      <td>0.657373</td>\n",
       "      <td>0.211187</td>\n",
       "      <td>-0.211187</td>\n",
       "    </tr>\n",
       "    <tr>\n",
       "      <th>width</th>\n",
       "      <td>0.043976</td>\n",
       "      <td>-0.242423</td>\n",
       "      <td>0.086802</td>\n",
       "      <td>0.814507</td>\n",
       "      <td>0.857170</td>\n",
       "      <td>1.000000</td>\n",
       "      <td>0.306002</td>\n",
       "      <td>0.866201</td>\n",
       "      <td>0.729436</td>\n",
       "      <td>0.544885</td>\n",
       "      <td>0.188822</td>\n",
       "      <td>0.189867</td>\n",
       "      <td>0.615056</td>\n",
       "      <td>-0.245800</td>\n",
       "      <td>-0.633531</td>\n",
       "      <td>0.736728</td>\n",
       "      <td>0.751265</td>\n",
       "      <td>0.673363</td>\n",
       "      <td>0.244356</td>\n",
       "      <td>-0.244356</td>\n",
       "    </tr>\n",
       "    <tr>\n",
       "      <th>height</th>\n",
       "      <td>0.252015</td>\n",
       "      <td>-0.550160</td>\n",
       "      <td>-0.373737</td>\n",
       "      <td>0.590742</td>\n",
       "      <td>0.492063</td>\n",
       "      <td>0.306002</td>\n",
       "      <td>1.000000</td>\n",
       "      <td>0.307581</td>\n",
       "      <td>0.074694</td>\n",
       "      <td>0.180449</td>\n",
       "      <td>-0.060663</td>\n",
       "      <td>0.259737</td>\n",
       "      <td>-0.087001</td>\n",
       "      <td>-0.309974</td>\n",
       "      <td>-0.049800</td>\n",
       "      <td>0.084301</td>\n",
       "      <td>0.135486</td>\n",
       "      <td>0.003811</td>\n",
       "      <td>0.281578</td>\n",
       "      <td>-0.281578</td>\n",
       "    </tr>\n",
       "    <tr>\n",
       "      <th>curb-weight</th>\n",
       "      <td>0.064820</td>\n",
       "      <td>-0.233118</td>\n",
       "      <td>0.099404</td>\n",
       "      <td>0.782097</td>\n",
       "      <td>0.880665</td>\n",
       "      <td>0.866201</td>\n",
       "      <td>0.307581</td>\n",
       "      <td>1.000000</td>\n",
       "      <td>0.849072</td>\n",
       "      <td>0.644060</td>\n",
       "      <td>0.167438</td>\n",
       "      <td>0.156433</td>\n",
       "      <td>0.757981</td>\n",
       "      <td>-0.279361</td>\n",
       "      <td>-0.749543</td>\n",
       "      <td>0.836921</td>\n",
       "      <td>0.834415</td>\n",
       "      <td>0.785353</td>\n",
       "      <td>0.221046</td>\n",
       "      <td>-0.221046</td>\n",
       "    </tr>\n",
       "    <tr>\n",
       "      <th>engine-size</th>\n",
       "      <td>-0.047764</td>\n",
       "      <td>-0.110581</td>\n",
       "      <td>0.112360</td>\n",
       "      <td>0.572027</td>\n",
       "      <td>0.685025</td>\n",
       "      <td>0.729436</td>\n",
       "      <td>0.074694</td>\n",
       "      <td>0.849072</td>\n",
       "      <td>1.000000</td>\n",
       "      <td>0.572609</td>\n",
       "      <td>0.205928</td>\n",
       "      <td>0.028889</td>\n",
       "      <td>0.822668</td>\n",
       "      <td>-0.256733</td>\n",
       "      <td>-0.650546</td>\n",
       "      <td>0.783465</td>\n",
       "      <td>0.872335</td>\n",
       "      <td>0.745059</td>\n",
       "      <td>0.070779</td>\n",
       "      <td>-0.070779</td>\n",
       "    </tr>\n",
       "    <tr>\n",
       "      <th>bore</th>\n",
       "      <td>0.244734</td>\n",
       "      <td>-0.140019</td>\n",
       "      <td>-0.029862</td>\n",
       "      <td>0.493244</td>\n",
       "      <td>0.608971</td>\n",
       "      <td>0.544885</td>\n",
       "      <td>0.180449</td>\n",
       "      <td>0.644060</td>\n",
       "      <td>0.572609</td>\n",
       "      <td>1.000000</td>\n",
       "      <td>-0.055390</td>\n",
       "      <td>0.001263</td>\n",
       "      <td>0.566903</td>\n",
       "      <td>-0.267392</td>\n",
       "      <td>-0.582027</td>\n",
       "      <td>0.559112</td>\n",
       "      <td>0.543155</td>\n",
       "      <td>0.554610</td>\n",
       "      <td>0.054458</td>\n",
       "      <td>-0.054458</td>\n",
       "    </tr>\n",
       "    <tr>\n",
       "      <th>stroke</th>\n",
       "      <td>-0.162490</td>\n",
       "      <td>-0.008153</td>\n",
       "      <td>0.055045</td>\n",
       "      <td>0.158018</td>\n",
       "      <td>0.123952</td>\n",
       "      <td>0.188822</td>\n",
       "      <td>-0.060663</td>\n",
       "      <td>0.167438</td>\n",
       "      <td>0.205928</td>\n",
       "      <td>-0.055390</td>\n",
       "      <td>1.000000</td>\n",
       "      <td>0.187871</td>\n",
       "      <td>0.098128</td>\n",
       "      <td>-0.063561</td>\n",
       "      <td>-0.033956</td>\n",
       "      <td>0.047089</td>\n",
       "      <td>0.082269</td>\n",
       "      <td>0.036133</td>\n",
       "      <td>0.241064</td>\n",
       "      <td>-0.241064</td>\n",
       "    </tr>\n",
       "    <tr>\n",
       "      <th>compression-ratio</th>\n",
       "      <td>0.144301</td>\n",
       "      <td>-0.182196</td>\n",
       "      <td>-0.114713</td>\n",
       "      <td>0.250313</td>\n",
       "      <td>0.159733</td>\n",
       "      <td>0.189867</td>\n",
       "      <td>0.259737</td>\n",
       "      <td>0.156433</td>\n",
       "      <td>0.028889</td>\n",
       "      <td>0.001263</td>\n",
       "      <td>0.187871</td>\n",
       "      <td>1.000000</td>\n",
       "      <td>-0.214489</td>\n",
       "      <td>-0.435780</td>\n",
       "      <td>0.331425</td>\n",
       "      <td>-0.223361</td>\n",
       "      <td>0.071107</td>\n",
       "      <td>-0.299372</td>\n",
       "      <td>0.985231</td>\n",
       "      <td>-0.985231</td>\n",
       "    </tr>\n",
       "    <tr>\n",
       "      <th>horsepower</th>\n",
       "      <td>-0.022505</td>\n",
       "      <td>0.075810</td>\n",
       "      <td>0.217300</td>\n",
       "      <td>0.371178</td>\n",
       "      <td>0.579795</td>\n",
       "      <td>0.615056</td>\n",
       "      <td>-0.087001</td>\n",
       "      <td>0.757981</td>\n",
       "      <td>0.822668</td>\n",
       "      <td>0.566903</td>\n",
       "      <td>0.098128</td>\n",
       "      <td>-0.214489</td>\n",
       "      <td>1.000000</td>\n",
       "      <td>0.107884</td>\n",
       "      <td>-0.822192</td>\n",
       "      <td>0.840627</td>\n",
       "      <td>0.809607</td>\n",
       "      <td>0.889482</td>\n",
       "      <td>-0.169030</td>\n",
       "      <td>0.169030</td>\n",
       "    </tr>\n",
       "    <tr>\n",
       "      <th>peak-rpm</th>\n",
       "      <td>-0.195662</td>\n",
       "      <td>0.279740</td>\n",
       "      <td>0.239543</td>\n",
       "      <td>-0.360305</td>\n",
       "      <td>-0.285970</td>\n",
       "      <td>-0.245800</td>\n",
       "      <td>-0.309974</td>\n",
       "      <td>-0.279361</td>\n",
       "      <td>-0.256733</td>\n",
       "      <td>-0.267392</td>\n",
       "      <td>-0.063561</td>\n",
       "      <td>-0.435780</td>\n",
       "      <td>0.107884</td>\n",
       "      <td>1.000000</td>\n",
       "      <td>-0.115413</td>\n",
       "      <td>0.017694</td>\n",
       "      <td>-0.101616</td>\n",
       "      <td>0.115830</td>\n",
       "      <td>-0.475812</td>\n",
       "      <td>0.475812</td>\n",
       "    </tr>\n",
       "    <tr>\n",
       "      <th>city-mpg</th>\n",
       "      <td>0.027956</td>\n",
       "      <td>-0.035527</td>\n",
       "      <td>-0.225016</td>\n",
       "      <td>-0.470606</td>\n",
       "      <td>-0.665192</td>\n",
       "      <td>-0.633531</td>\n",
       "      <td>-0.049800</td>\n",
       "      <td>-0.749543</td>\n",
       "      <td>-0.650546</td>\n",
       "      <td>-0.582027</td>\n",
       "      <td>-0.033956</td>\n",
       "      <td>0.331425</td>\n",
       "      <td>-0.822192</td>\n",
       "      <td>-0.115413</td>\n",
       "      <td>1.000000</td>\n",
       "      <td>-0.909024</td>\n",
       "      <td>-0.686571</td>\n",
       "      <td>-0.949713</td>\n",
       "      <td>0.265676</td>\n",
       "      <td>-0.265676</td>\n",
       "    </tr>\n",
       "    <tr>\n",
       "      <th>highway-L/100km</th>\n",
       "      <td>-0.078346</td>\n",
       "      <td>-0.029807</td>\n",
       "      <td>0.181189</td>\n",
       "      <td>0.577576</td>\n",
       "      <td>0.707108</td>\n",
       "      <td>0.736728</td>\n",
       "      <td>0.084301</td>\n",
       "      <td>0.836921</td>\n",
       "      <td>0.783465</td>\n",
       "      <td>0.559112</td>\n",
       "      <td>0.047089</td>\n",
       "      <td>-0.223361</td>\n",
       "      <td>0.840627</td>\n",
       "      <td>0.017694</td>\n",
       "      <td>-0.909024</td>\n",
       "      <td>1.000000</td>\n",
       "      <td>0.801118</td>\n",
       "      <td>0.958306</td>\n",
       "      <td>-0.158091</td>\n",
       "      <td>0.158091</td>\n",
       "    </tr>\n",
       "    <tr>\n",
       "      <th>price</th>\n",
       "      <td>-0.118214</td>\n",
       "      <td>-0.082391</td>\n",
       "      <td>0.133999</td>\n",
       "      <td>0.584642</td>\n",
       "      <td>0.690628</td>\n",
       "      <td>0.751265</td>\n",
       "      <td>0.135486</td>\n",
       "      <td>0.834415</td>\n",
       "      <td>0.872335</td>\n",
       "      <td>0.543155</td>\n",
       "      <td>0.082269</td>\n",
       "      <td>0.071107</td>\n",
       "      <td>0.809607</td>\n",
       "      <td>-0.101616</td>\n",
       "      <td>-0.686571</td>\n",
       "      <td>0.801118</td>\n",
       "      <td>1.000000</td>\n",
       "      <td>0.789898</td>\n",
       "      <td>0.110326</td>\n",
       "      <td>-0.110326</td>\n",
       "    </tr>\n",
       "    <tr>\n",
       "      <th>city-L/100km</th>\n",
       "      <td>-0.099157</td>\n",
       "      <td>0.066171</td>\n",
       "      <td>0.238567</td>\n",
       "      <td>0.476153</td>\n",
       "      <td>0.657373</td>\n",
       "      <td>0.673363</td>\n",
       "      <td>0.003811</td>\n",
       "      <td>0.785353</td>\n",
       "      <td>0.745059</td>\n",
       "      <td>0.554610</td>\n",
       "      <td>0.036133</td>\n",
       "      <td>-0.299372</td>\n",
       "      <td>0.889482</td>\n",
       "      <td>0.115830</td>\n",
       "      <td>-0.949713</td>\n",
       "      <td>0.958306</td>\n",
       "      <td>0.789898</td>\n",
       "      <td>1.000000</td>\n",
       "      <td>-0.241282</td>\n",
       "      <td>0.241282</td>\n",
       "    </tr>\n",
       "    <tr>\n",
       "      <th>fuel-type-diesel</th>\n",
       "      <td>0.121454</td>\n",
       "      <td>-0.196735</td>\n",
       "      <td>-0.101546</td>\n",
       "      <td>0.307237</td>\n",
       "      <td>0.211187</td>\n",
       "      <td>0.244356</td>\n",
       "      <td>0.281578</td>\n",
       "      <td>0.221046</td>\n",
       "      <td>0.070779</td>\n",
       "      <td>0.054458</td>\n",
       "      <td>0.241064</td>\n",
       "      <td>0.985231</td>\n",
       "      <td>-0.169030</td>\n",
       "      <td>-0.475812</td>\n",
       "      <td>0.265676</td>\n",
       "      <td>-0.158091</td>\n",
       "      <td>0.110326</td>\n",
       "      <td>-0.241282</td>\n",
       "      <td>1.000000</td>\n",
       "      <td>-1.000000</td>\n",
       "    </tr>\n",
       "    <tr>\n",
       "      <th>fuel-type-gas</th>\n",
       "      <td>-0.121454</td>\n",
       "      <td>0.196735</td>\n",
       "      <td>0.101546</td>\n",
       "      <td>-0.307237</td>\n",
       "      <td>-0.211187</td>\n",
       "      <td>-0.244356</td>\n",
       "      <td>-0.281578</td>\n",
       "      <td>-0.221046</td>\n",
       "      <td>-0.070779</td>\n",
       "      <td>-0.054458</td>\n",
       "      <td>-0.241064</td>\n",
       "      <td>-0.985231</td>\n",
       "      <td>0.169030</td>\n",
       "      <td>0.475812</td>\n",
       "      <td>-0.265676</td>\n",
       "      <td>0.158091</td>\n",
       "      <td>-0.110326</td>\n",
       "      <td>0.241282</td>\n",
       "      <td>-1.000000</td>\n",
       "      <td>1.000000</td>\n",
       "    </tr>\n",
       "  </tbody>\n",
       "</table>\n",
       "</div>"
      ],
      "text/plain": [
       "                   Unnamed: 0  symboling  normalized-losses  wheel-base  \\\n",
       "Unnamed: 0           1.000000  -0.162764          -0.241092    0.125517   \n",
       "symboling           -0.162764   1.000000           0.466264   -0.535987   \n",
       "normalized-losses   -0.241092   0.466264           1.000000   -0.056661   \n",
       "wheel-base           0.125517  -0.535987          -0.056661    1.000000   \n",
       "length               0.161848  -0.365404           0.019424    0.876024   \n",
       "width                0.043976  -0.242423           0.086802    0.814507   \n",
       "height               0.252015  -0.550160          -0.373737    0.590742   \n",
       "curb-weight          0.064820  -0.233118           0.099404    0.782097   \n",
       "engine-size         -0.047764  -0.110581           0.112360    0.572027   \n",
       "bore                 0.244734  -0.140019          -0.029862    0.493244   \n",
       "stroke              -0.162490  -0.008153           0.055045    0.158018   \n",
       "compression-ratio    0.144301  -0.182196          -0.114713    0.250313   \n",
       "horsepower          -0.022505   0.075810           0.217300    0.371178   \n",
       "peak-rpm            -0.195662   0.279740           0.239543   -0.360305   \n",
       "city-mpg             0.027956  -0.035527          -0.225016   -0.470606   \n",
       "highway-L/100km     -0.078346  -0.029807           0.181189    0.577576   \n",
       "price               -0.118214  -0.082391           0.133999    0.584642   \n",
       "city-L/100km        -0.099157   0.066171           0.238567    0.476153   \n",
       "fuel-type-diesel     0.121454  -0.196735          -0.101546    0.307237   \n",
       "fuel-type-gas       -0.121454   0.196735           0.101546   -0.307237   \n",
       "\n",
       "                     length     width    height  curb-weight  engine-size  \\\n",
       "Unnamed: 0         0.161848  0.043976  0.252015     0.064820    -0.047764   \n",
       "symboling         -0.365404 -0.242423 -0.550160    -0.233118    -0.110581   \n",
       "normalized-losses  0.019424  0.086802 -0.373737     0.099404     0.112360   \n",
       "wheel-base         0.876024  0.814507  0.590742     0.782097     0.572027   \n",
       "length             1.000000  0.857170  0.492063     0.880665     0.685025   \n",
       "width              0.857170  1.000000  0.306002     0.866201     0.729436   \n",
       "height             0.492063  0.306002  1.000000     0.307581     0.074694   \n",
       "curb-weight        0.880665  0.866201  0.307581     1.000000     0.849072   \n",
       "engine-size        0.685025  0.729436  0.074694     0.849072     1.000000   \n",
       "bore               0.608971  0.544885  0.180449     0.644060     0.572609   \n",
       "stroke             0.123952  0.188822 -0.060663     0.167438     0.205928   \n",
       "compression-ratio  0.159733  0.189867  0.259737     0.156433     0.028889   \n",
       "horsepower         0.579795  0.615056 -0.087001     0.757981     0.822668   \n",
       "peak-rpm          -0.285970 -0.245800 -0.309974    -0.279361    -0.256733   \n",
       "city-mpg          -0.665192 -0.633531 -0.049800    -0.749543    -0.650546   \n",
       "highway-L/100km    0.707108  0.736728  0.084301     0.836921     0.783465   \n",
       "price              0.690628  0.751265  0.135486     0.834415     0.872335   \n",
       "city-L/100km       0.657373  0.673363  0.003811     0.785353     0.745059   \n",
       "fuel-type-diesel   0.211187  0.244356  0.281578     0.221046     0.070779   \n",
       "fuel-type-gas     -0.211187 -0.244356 -0.281578    -0.221046    -0.070779   \n",
       "\n",
       "                       bore    stroke  compression-ratio  horsepower  \\\n",
       "Unnamed: 0         0.244734 -0.162490           0.144301   -0.022505   \n",
       "symboling         -0.140019 -0.008153          -0.182196    0.075810   \n",
       "normalized-losses -0.029862  0.055045          -0.114713    0.217300   \n",
       "wheel-base         0.493244  0.158018           0.250313    0.371178   \n",
       "length             0.608971  0.123952           0.159733    0.579795   \n",
       "width              0.544885  0.188822           0.189867    0.615056   \n",
       "height             0.180449 -0.060663           0.259737   -0.087001   \n",
       "curb-weight        0.644060  0.167438           0.156433    0.757981   \n",
       "engine-size        0.572609  0.205928           0.028889    0.822668   \n",
       "bore               1.000000 -0.055390           0.001263    0.566903   \n",
       "stroke            -0.055390  1.000000           0.187871    0.098128   \n",
       "compression-ratio  0.001263  0.187871           1.000000   -0.214489   \n",
       "horsepower         0.566903  0.098128          -0.214489    1.000000   \n",
       "peak-rpm          -0.267392 -0.063561          -0.435780    0.107884   \n",
       "city-mpg          -0.582027 -0.033956           0.331425   -0.822192   \n",
       "highway-L/100km    0.559112  0.047089          -0.223361    0.840627   \n",
       "price              0.543155  0.082269           0.071107    0.809607   \n",
       "city-L/100km       0.554610  0.036133          -0.299372    0.889482   \n",
       "fuel-type-diesel   0.054458  0.241064           0.985231   -0.169030   \n",
       "fuel-type-gas     -0.054458 -0.241064          -0.985231    0.169030   \n",
       "\n",
       "                   peak-rpm  city-mpg  highway-L/100km     price  \\\n",
       "Unnamed: 0        -0.195662  0.027956        -0.078346 -0.118214   \n",
       "symboling          0.279740 -0.035527        -0.029807 -0.082391   \n",
       "normalized-losses  0.239543 -0.225016         0.181189  0.133999   \n",
       "wheel-base        -0.360305 -0.470606         0.577576  0.584642   \n",
       "length            -0.285970 -0.665192         0.707108  0.690628   \n",
       "width             -0.245800 -0.633531         0.736728  0.751265   \n",
       "height            -0.309974 -0.049800         0.084301  0.135486   \n",
       "curb-weight       -0.279361 -0.749543         0.836921  0.834415   \n",
       "engine-size       -0.256733 -0.650546         0.783465  0.872335   \n",
       "bore              -0.267392 -0.582027         0.559112  0.543155   \n",
       "stroke            -0.063561 -0.033956         0.047089  0.082269   \n",
       "compression-ratio -0.435780  0.331425        -0.223361  0.071107   \n",
       "horsepower         0.107884 -0.822192         0.840627  0.809607   \n",
       "peak-rpm           1.000000 -0.115413         0.017694 -0.101616   \n",
       "city-mpg          -0.115413  1.000000        -0.909024 -0.686571   \n",
       "highway-L/100km    0.017694 -0.909024         1.000000  0.801118   \n",
       "price             -0.101616 -0.686571         0.801118  1.000000   \n",
       "city-L/100km       0.115830 -0.949713         0.958306  0.789898   \n",
       "fuel-type-diesel  -0.475812  0.265676        -0.158091  0.110326   \n",
       "fuel-type-gas      0.475812 -0.265676         0.158091 -0.110326   \n",
       "\n",
       "                   city-L/100km  fuel-type-diesel  fuel-type-gas  \n",
       "Unnamed: 0            -0.099157          0.121454      -0.121454  \n",
       "symboling              0.066171         -0.196735       0.196735  \n",
       "normalized-losses      0.238567         -0.101546       0.101546  \n",
       "wheel-base             0.476153          0.307237      -0.307237  \n",
       "length                 0.657373          0.211187      -0.211187  \n",
       "width                  0.673363          0.244356      -0.244356  \n",
       "height                 0.003811          0.281578      -0.281578  \n",
       "curb-weight            0.785353          0.221046      -0.221046  \n",
       "engine-size            0.745059          0.070779      -0.070779  \n",
       "bore                   0.554610          0.054458      -0.054458  \n",
       "stroke                 0.036133          0.241064      -0.241064  \n",
       "compression-ratio     -0.299372          0.985231      -0.985231  \n",
       "horsepower             0.889482         -0.169030       0.169030  \n",
       "peak-rpm               0.115830         -0.475812       0.475812  \n",
       "city-mpg              -0.949713          0.265676      -0.265676  \n",
       "highway-L/100km        0.958306         -0.158091       0.158091  \n",
       "price                  0.789898          0.110326      -0.110326  \n",
       "city-L/100km           1.000000         -0.241282       0.241282  \n",
       "fuel-type-diesel      -0.241282          1.000000      -1.000000  \n",
       "fuel-type-gas          0.241282         -1.000000       1.000000  "
      ]
     },
     "execution_count": 4,
     "metadata": {},
     "output_type": "execute_result"
    }
   ],
   "source": [
    "df.corr()"
   ]
  },
  {
   "cell_type": "code",
   "execution_count": 5,
   "id": "cfd3e6e8-7e13-496f-aa07-41bbb2905098",
   "metadata": {},
   "outputs": [
    {
     "data": {
      "text/html": [
       "<div>\n",
       "<style scoped>\n",
       "    .dataframe tbody tr th:only-of-type {\n",
       "        vertical-align: middle;\n",
       "    }\n",
       "\n",
       "    .dataframe tbody tr th {\n",
       "        vertical-align: top;\n",
       "    }\n",
       "\n",
       "    .dataframe thead th {\n",
       "        text-align: right;\n",
       "    }\n",
       "</style>\n",
       "<table border=\"1\" class=\"dataframe\">\n",
       "  <thead>\n",
       "    <tr style=\"text-align: right;\">\n",
       "      <th></th>\n",
       "      <th>bore</th>\n",
       "      <th>stroke</th>\n",
       "      <th>compression-ratio</th>\n",
       "      <th>horsepower</th>\n",
       "    </tr>\n",
       "  </thead>\n",
       "  <tbody>\n",
       "    <tr>\n",
       "      <th>bore</th>\n",
       "      <td>1.000000</td>\n",
       "      <td>-0.055390</td>\n",
       "      <td>0.001263</td>\n",
       "      <td>0.566903</td>\n",
       "    </tr>\n",
       "    <tr>\n",
       "      <th>stroke</th>\n",
       "      <td>-0.055390</td>\n",
       "      <td>1.000000</td>\n",
       "      <td>0.187871</td>\n",
       "      <td>0.098128</td>\n",
       "    </tr>\n",
       "    <tr>\n",
       "      <th>compression-ratio</th>\n",
       "      <td>0.001263</td>\n",
       "      <td>0.187871</td>\n",
       "      <td>1.000000</td>\n",
       "      <td>-0.214489</td>\n",
       "    </tr>\n",
       "    <tr>\n",
       "      <th>horsepower</th>\n",
       "      <td>0.566903</td>\n",
       "      <td>0.098128</td>\n",
       "      <td>-0.214489</td>\n",
       "      <td>1.000000</td>\n",
       "    </tr>\n",
       "  </tbody>\n",
       "</table>\n",
       "</div>"
      ],
      "text/plain": [
       "                       bore    stroke  compression-ratio  horsepower\n",
       "bore               1.000000 -0.055390           0.001263    0.566903\n",
       "stroke            -0.055390  1.000000           0.187871    0.098128\n",
       "compression-ratio  0.001263  0.187871           1.000000   -0.214489\n",
       "horsepower         0.566903  0.098128          -0.214489    1.000000"
      ]
     },
     "execution_count": 5,
     "metadata": {},
     "output_type": "execute_result"
    }
   ],
   "source": [
    "# Write your code below and press Shift+Enter to execute \n",
    "df[['bore','stroke','compression-ratio','horsepower']].corr()"
   ]
  },
  {
   "cell_type": "code",
   "execution_count": 6,
   "id": "2cae1f29-91a1-4d9f-ad68-809dee79ceb2",
   "metadata": {
    "tags": []
   },
   "outputs": [
    {
     "data": {
      "text/html": [
       "<div>\n",
       "<style scoped>\n",
       "    .dataframe tbody tr th:only-of-type {\n",
       "        vertical-align: middle;\n",
       "    }\n",
       "\n",
       "    .dataframe tbody tr th {\n",
       "        vertical-align: top;\n",
       "    }\n",
       "\n",
       "    .dataframe thead th {\n",
       "        text-align: right;\n",
       "    }\n",
       "</style>\n",
       "<table border=\"1\" class=\"dataframe\">\n",
       "  <thead>\n",
       "    <tr style=\"text-align: right;\">\n",
       "      <th></th>\n",
       "      <th>engine-size</th>\n",
       "      <th>price</th>\n",
       "    </tr>\n",
       "  </thead>\n",
       "  <tbody>\n",
       "    <tr>\n",
       "      <th>engine-size</th>\n",
       "      <td>1.000000</td>\n",
       "      <td>0.872335</td>\n",
       "    </tr>\n",
       "    <tr>\n",
       "      <th>price</th>\n",
       "      <td>0.872335</td>\n",
       "      <td>1.000000</td>\n",
       "    </tr>\n",
       "  </tbody>\n",
       "</table>\n",
       "</div>"
      ],
      "text/plain": [
       "             engine-size     price\n",
       "engine-size     1.000000  0.872335\n",
       "price           0.872335  1.000000"
      ]
     },
     "execution_count": 6,
     "metadata": {},
     "output_type": "execute_result"
    },
    {
     "data": {
